       1.0000000      -0.50957416        1.0000000       0.17864575        1.0000000 
       1.0000000       -5.2528959        1.0000000        1.2574851       0.00000000 
       1.0000000       -3.2625592        1.0000000       0.35061556       0.00000000 
       1.0000000       -3.7265802        1.0000000        1.3063089        1.0000000 
       1.0000000       -3.2492748        1.0000000       0.69629513       0.00000000 
       2.0000000        4.3884981        1.0000000       -1.7831403        1.0000000 
       2.0000000        2.1980877        1.0000000      -0.65557117        1.0000000 
       2.0000000        2.5950202        1.0000000       -1.6546237        1.0000000 
       2.0000000        3.8638747        1.0000000       -1.5224232        1.0000000 
       2.0000000       -1.0660830        1.0000000        1.5473880        1.0000000 
       2.0000000       -1.4125839        1.0000000       -1.0489900       0.00000000 
       2.0000000        3.5130396        1.0000000       -1.1324432        1.0000000 
       2.0000000       -3.0218471        1.0000000       0.97662245       0.00000000 
       2.0000000       -4.0103549        1.0000000        1.4234829       0.00000000 
       2.0000000       0.95559400        1.0000000      -0.16684577        1.0000000 
       3.0000000       0.15879894        1.0000000       -1.5683473        1.0000000 
       3.0000000        1.2419809        1.0000000      -0.40793950        1.0000000 
       3.0000000       -1.4846206        1.0000000      -0.55380780       0.00000000 
       3.0000000       -3.1010006        1.0000000       -1.9897319       0.00000000 
       3.0000000       -2.5283118        1.0000000       -1.4945242       0.00000000 
       3.0000000       0.33255380        1.0000000     -0.015585799        1.0000000 
       3.0000000       -2.7265733        1.0000000        1.9925739       0.00000000 
       3.0000000       -3.3631411        1.0000000       -1.9148244       0.00000000 
       3.0000000       -2.4373635        1.0000000     -0.087592657       0.00000000 
       3.0000000      -0.25438363        1.0000000       0.77733812        1.0000000 
       3.0000000       -2.0210985        1.0000000      -0.32592768       0.00000000 
       3.0000000       0.43717084        1.0000000       -1.8201254        1.0000000 
       4.0000000       -2.7489275        1.0000000       -1.1586079       0.00000000 
       4.0000000       0.59745596        1.0000000        1.1726928       0.00000000 
       4.0000000        3.8848994        1.0000000        1.4038400        1.0000000 
       4.0000000        1.6470375        1.0000000      -0.19943369        1.0000000 
       4.0000000       -2.6438700        1.0000000       -1.4262215       0.00000000 
       4.0000000      -0.48335981        1.0000000      -0.45562448       0.00000000 
       4.0000000       -2.8050433        1.0000000       -1.3883173       0.00000000 
       4.0000000      -0.81546917        1.0000000      0.016068094       0.00000000 
       5.0000000      -0.34617307        1.0000000       0.53838563       0.00000000 
       5.0000000       -2.0643171        1.0000000        1.2782708       0.00000000 
       5.0000000      -0.21579708        1.0000000       -1.4164716        1.0000000 
       5.0000000       0.23823368        1.0000000       0.57509841        1.0000000 
       5.0000000       -1.6249257        1.0000000       -1.3666577       0.00000000 
       5.0000000       0.71835792        1.0000000       0.95491995        1.0000000 
       5.0000000      -0.91722846        1.0000000        1.0711204       0.00000000 
       5.0000000       -1.8901891        1.0000000      -0.35024557       0.00000000 
       5.0000000       -1.5926580        1.0000000       0.43404583       0.00000000 
       5.0000000       -2.1435463        1.0000000        1.0713857       0.00000000 
       5.0000000       0.69199955        1.0000000        1.1758330        1.0000000 
       5.0000000       -2.0529239        1.0000000       0.33117577       0.00000000 
       5.0000000       -1.6514043        1.0000000      -0.70460234       0.00000000 
       5.0000000      -0.34026413        1.0000000       0.73699047       0.00000000 
       5.0000000        1.0005966        1.0000000      0.011730323        1.0000000 
       5.0000000       -1.6489177        1.0000000       -1.6404785       0.00000000 
       6.0000000       -1.0011977        1.0000000       -1.3650540       0.00000000 
       6.0000000       0.94128466        1.0000000       -1.6165164       0.00000000 
       6.0000000       -1.4622271        1.0000000       0.98644825        1.0000000 
       6.0000000       -5.1778438        1.0000000       0.71413593       0.00000000 
       6.0000000       0.36779041        1.0000000       -1.9469412       0.00000000 
       6.0000000      -0.71738629        1.0000000       0.67172429        1.0000000 
       6.0000000        3.4421266        1.0000000       -1.1793886        1.0000000 
       6.0000000       -1.1960941        1.0000000      -0.79760232       0.00000000 
       7.0000000       -8.7008768        1.0000000        1.8133207       0.00000000 
       7.0000000        3.5739724        1.0000000       -1.3523200       0.00000000 
       7.0000000        3.8241868        1.0000000       -1.4472514       0.00000000 
       7.0000000        3.0091078        1.0000000       -1.1333702        1.0000000 
       7.0000000       -11.031639        1.0000000        1.9505857       0.00000000 
       7.0000000      -0.53188178        1.0000000      -0.35217882       0.00000000 
       7.0000000        4.7765144        1.0000000       -1.5036688        1.0000000 
       7.0000000        3.7914003        1.0000000       -1.3340379       0.00000000 
       7.0000000       -8.4035157        1.0000000        1.5382766       0.00000000 
       7.0000000       -6.5310971        1.0000000       0.85722857       0.00000000 
       7.0000000       0.87662522        1.0000000      -0.66301978       0.00000000 
       7.0000000       -1.1738006        1.0000000     -0.061349281       0.00000000 
       7.0000000       0.26379258        1.0000000      -0.46786751        1.0000000 
       7.0000000       0.22923039        1.0000000      -0.22966629       0.00000000 
       7.0000000       -1.5540924        1.0000000      -0.33998008       0.00000000 
       8.0000000      -0.62692581        1.0000000        1.2582272       0.00000000 
       8.0000000      -0.76741144        1.0000000      -0.40043304       0.00000000 
       8.0000000       -1.9482112        1.0000000       -1.8573564       0.00000000 
       8.0000000        1.0857695        1.0000000       0.85038988        1.0000000 
       8.0000000     -0.011684602        1.0000000       0.16104250       0.00000000 
       8.0000000      -0.74096345        1.0000000       0.21361281       0.00000000 
       8.0000000       0.91765832        1.0000000       0.80646638        1.0000000 
       8.0000000       -1.7838984        1.0000000       0.40341586       0.00000000 
       8.0000000      -0.20931049        1.0000000       0.72965079       0.00000000 
       8.0000000      -0.43466804        1.0000000       -1.0762669       0.00000000 
       8.0000000        1.3459556        1.0000000      -0.28516869        1.0000000 
       8.0000000      -0.39748193        1.0000000       -1.4689104        1.0000000 
       8.0000000       0.22935841        1.0000000       -1.1979038        1.0000000 
       8.0000000        1.0153995        1.0000000       0.19627922        1.0000000 
       8.0000000      -0.65958000        1.0000000       0.61341350        1.0000000 
       9.0000000     -0.033101811        1.0000000      -0.97118529       0.00000000 
       9.0000000      -0.12041771        1.0000000       -1.2494390       0.00000000 
       9.0000000      -0.43685706        1.0000000       -1.5477617        1.0000000 
       9.0000000      -0.36109032        1.0000000       0.97634642        1.0000000 
       9.0000000       -1.4956644        1.0000000        1.9676789       0.00000000 
       9.0000000       0.13507697        1.0000000      -0.38296722        1.0000000 
       9.0000000      -0.77643353        1.0000000       -1.5732801       0.00000000 
       9.0000000       -1.8629657        1.0000000       0.86448370       0.00000000 
       10.000000       -2.9929776        1.0000000      -0.79393322       0.00000000 
       10.000000       -2.3926494        1.0000000      -0.74599390       0.00000000 
       10.000000       -3.3942137        1.0000000      -0.54611254       0.00000000 
       10.000000      -0.18214141        1.0000000       -1.0332181        1.0000000 
       10.000000       -2.0301078        1.0000000      -0.42249190       0.00000000 
       10.000000       -1.3024750        1.0000000       0.62268891       0.00000000 
       10.000000      -0.24102136        1.0000000       -1.7993729        1.0000000 
       10.000000       0.81785014        1.0000000      -0.27596818        1.0000000 
       10.000000      -0.62302701        1.0000000        1.0093941       0.00000000 
       10.000000       0.25664594        1.0000000       -1.3725365        1.0000000 
       10.000000       -1.9636293        1.0000000      -0.40126869       0.00000000 
       10.000000       0.63645795        1.0000000      -0.81712194        1.0000000 
       10.000000        3.3450388        1.0000000        1.0552878        1.0000000 
       10.000000        1.4729136        1.0000000        1.9172871       0.00000000 
       10.000000        3.4976188        1.0000000        1.2189218        1.0000000 
       11.000000        1.6170340        1.0000000      -0.55834594        1.0000000 
       11.000000        2.9131369        1.0000000       0.17165364        1.0000000 
       11.000000       -3.2348550        1.0000000       -1.2798473       0.00000000 
       11.000000       -2.7860291        1.0000000      -0.81091850       0.00000000 
       11.000000       0.79315040        1.0000000       -1.1776681        1.0000000 
       11.000000       -2.8953191        1.0000000       -1.0502517       0.00000000 
       11.000000        1.7423687        1.0000000       -1.2774956        1.0000000 
       11.000000     -0.021894009        1.0000000        1.6360181       0.00000000 
       11.000000       -4.7817685        1.0000000       -1.9654932       0.00000000 
       11.000000        3.2550247        1.0000000       0.29435368        1.0000000 
       11.000000        2.8438487        1.0000000     0.0092649907        1.0000000 
       11.000000       -3.1776123        1.0000000       -1.2471042       0.00000000 
       11.000000       0.57494066        1.0000000       0.80317423       0.00000000 
       11.000000       -1.4116923        1.0000000       0.52836200       0.00000000 
       11.000000      -0.62462961        1.0000000       0.70137272       0.00000000 
       11.000000        4.4768457        1.0000000        1.3653303        1.0000000 
       11.000000       -2.0964960        1.0000000      -0.59422559       0.00000000 
       11.000000        1.4580495        1.0000000        1.5861309       0.00000000 
       11.000000       -2.0456736        1.0000000      -0.54524568       0.00000000 
       12.000000        1.5747666        1.0000000       0.52220157        1.0000000 
       12.000000       -3.2123504        1.0000000       -1.4878385        1.0000000 
       12.000000       0.93171282        1.0000000       0.59266463       0.00000000 
       12.000000       -2.7299632        1.0000000       -1.9575732       0.00000000 
       12.000000      -0.43922865        1.0000000      -0.66492737       0.00000000 
       12.000000       0.92660611        1.0000000       0.70921358       0.00000000 
       12.000000        1.7071003        1.0000000       0.68162992        1.0000000 
       12.000000       -2.0221818        1.0000000       -1.0156108       0.00000000 
       12.000000      -0.81708025        1.0000000      -0.61040401       0.00000000 
       12.000000      -0.28497503        1.0000000       0.21739289        1.0000000 
       12.000000        1.9122193        1.0000000       0.84878821       0.00000000 
       12.000000       -2.8169582        1.0000000       -1.8555096       0.00000000 
       12.000000       -1.5207880        1.0000000       -1.1457665        1.0000000 
       12.000000      -0.31933298        1.0000000     -0.086285437        1.0000000 
       13.000000       -5.8677510        1.0000000        1.8384708        1.0000000 
       13.000000       -6.2312224        1.0000000        1.6066470       0.00000000 
       13.000000       -3.0645984        1.0000000       0.96086452        1.0000000 
       13.000000       -2.3401965        1.0000000     -0.033322738       0.00000000 
       13.000000        1.7019955        1.0000000       -1.5870024       0.00000000 
       13.000000      -0.56314309        1.0000000      -0.28656037        1.0000000 
       13.000000        2.3149087        1.0000000       -1.9581293       0.00000000 
       13.000000       -6.2878620        1.0000000        1.7172574       0.00000000 
       13.000000       0.81092808        1.0000000       -1.2609817       0.00000000 
       13.000000       -5.8551709        1.0000000        1.3546383       0.00000000 
       13.000000        2.5184029        1.0000000       -1.7194264        1.0000000 
       13.000000       -3.6848203        1.0000000       0.70646374       0.00000000 
       13.000000       0.67636007        1.0000000      -0.49080858        1.0000000 
       13.000000       -6.6216883        1.0000000        1.7940799       0.00000000 
       13.000000       0.82435841        1.0000000      -0.27254204        1.0000000 
       13.000000       -1.8142429        1.0000000     -0.091531923       0.00000000 
       13.000000       -2.6208852        1.0000000      -0.22992751       0.00000000 
       13.000000       -4.6651915        1.0000000       0.85720087       0.00000000 
       14.000000        3.8826316        1.0000000       -1.9306750        1.0000000 
       14.000000       -2.4559775        1.0000000       0.14617710       0.00000000 
       14.000000       -3.6559340        1.0000000       0.38322901       0.00000000 
       14.000000       -1.9218373        1.0000000      -0.79127935       0.00000000 
       14.000000       -3.0154315        1.0000000       0.68663540       0.00000000 
       14.000000       -1.9971754        1.0000000       -1.2709131       0.00000000 
       14.000000        2.8139400        1.0000000       -1.6879400        1.0000000 
       14.000000       -2.1980372        1.0000000       -1.3712024       0.00000000 
       14.000000       -2.0258112        1.0000000       0.30514295       0.00000000 
       14.000000       -1.4863262        1.0000000      -0.98643560       0.00000000 
       14.000000       -1.1614178        1.0000000       -1.7675435       0.00000000 
       14.000000       -1.8917069        1.0000000       0.65526036       0.00000000 
       14.000000        2.3646061        1.0000000       -1.8067684        1.0000000 
       14.000000       -3.2929187        1.0000000        1.8435818       0.00000000 
       14.000000       -2.8677890        1.0000000       0.98080336       0.00000000 
       14.000000        1.2434931        1.0000000       0.65281013        1.0000000 
       14.000000       -2.2707871        1.0000000      -0.26589216       0.00000000 
       15.000000       -3.5045132        1.0000000       -1.9212755       0.00000000 
       15.000000        4.5601354        1.0000000        1.8996457       0.00000000 
       15.000000        4.1945130        1.0000000       0.69861257        1.0000000 
       15.000000       0.42075217        1.0000000      -0.97413048        1.0000000 
       15.000000        1.0133444        1.0000000       0.40148339       0.00000000 
       15.000000        2.7719252        1.0000000      0.086361289        1.0000000 
       15.000000       -2.5374832        1.0000000      -0.53111485       0.00000000 
       16.000000      -0.21683537        1.0000000     -0.062858708       0.00000000 
       16.000000       -3.6149447        1.0000000      -0.94699944       0.00000000 
       16.000000        1.5423899        1.0000000       0.70300660       0.00000000 
       16.000000        2.0221741        1.0000000        1.0129375       0.00000000 
       16.000000        2.7866210        1.0000000       0.71499209        1.0000000 
       16.000000       -2.1012023        1.0000000      -0.85155783       0.00000000 
       16.000000        5.1164197        1.0000000        1.6544619        1.0000000 
       16.000000       -3.6049311        1.0000000       -1.8310054       0.00000000 
       16.000000       -1.7192311        1.0000000       -1.4014020        1.0000000 
       16.000000        2.7643765        1.0000000       0.33546710        1.0000000 
       17.000000        1.4819166        1.0000000       0.65061394        1.0000000 
       17.000000        2.6056335        1.0000000       0.11638497        1.0000000 
       17.000000      -0.20604165        1.0000000       -1.3603981        1.0000000 
       17.000000       0.43300104        1.0000000       0.27867014       0.00000000 
       17.000000       -2.1327128        1.0000000       -1.6446929       0.00000000 
       17.000000        1.8474177        1.0000000       0.46911297        1.0000000 
       17.000000      -0.55238817        1.0000000      -0.78944715        1.0000000 
       17.000000       -1.8921437        1.0000000       -1.5765038       0.00000000 
       17.000000      -0.17528046        1.0000000       -1.0252005        1.0000000 
       17.000000       0.96103632        1.0000000        1.0817547       0.00000000 
       17.000000        1.9447611        1.0000000       0.70380897        1.0000000 
       17.000000        1.9070927        1.0000000       0.57595913        1.0000000 
       17.000000       -1.1326430        1.0000000      -0.68609829       0.00000000 
       17.000000        2.2167539        1.0000000        1.1917493        1.0000000 
       17.000000        1.8508299        1.0000000        1.5298098       0.00000000 
       17.000000       -1.2622257        1.0000000      -0.46973163       0.00000000 
       18.000000       -1.8657410        1.0000000      -0.22350478       0.00000000 
       18.000000      -0.49020059        1.0000000      -0.34787499        1.0000000 
       18.000000      -0.66535381        1.0000000       -1.6792144       0.00000000 
       18.000000       0.64671642        1.0000000       -1.4641944        1.0000000 
       18.000000      -0.16641174        1.0000000       0.79432366       0.00000000 
       18.000000      -0.11379859        1.0000000       0.53360441       0.00000000 
       19.000000       0.36843000        1.0000000       0.55555790       0.00000000 
       19.000000       0.45978374        1.0000000       0.96570087       0.00000000 
       19.000000      -0.53040173        1.0000000       -1.8160094        1.0000000 
       19.000000        1.2439804        1.0000000     -0.056443335        1.0000000 
       19.000000       0.37654916        1.0000000        1.6028182       0.00000000 
       19.000000      -0.11808497        1.0000000     -0.078364364        1.0000000 
       19.000000       0.63572735        1.0000000        1.5014987       0.00000000 
       19.000000      -0.61765151        1.0000000       -1.0016710       0.00000000 
       19.000000       0.71305500        1.0000000       -1.5489516        1.0000000 
       19.000000      0.051413555        1.0000000       0.29820521       0.00000000 
       19.000000      -0.86871540        1.0000000       -1.0302762       0.00000000 
       19.000000      -0.50351947        1.0000000       0.40008808       0.00000000 
       19.000000        1.1954567        1.0000000        1.5528747       0.00000000 
       19.000000       0.82929402        1.0000000      -0.23187522        1.0000000 
       20.000000       -3.2050984        1.0000000        1.4819589        1.0000000 
       20.000000        2.3752826        1.0000000       -1.4787514       0.00000000 
       20.000000        4.0187471        1.0000000       -1.6779143        1.0000000 
       20.000000        4.8225327        1.0000000       -1.4055459        1.0000000 
       20.000000        1.2682673        1.0000000       -1.3629364       0.00000000 
       20.000000        2.5973736        1.0000000      -0.72797825        1.0000000 
       20.000000       0.97949035        1.0000000       -1.0492286       0.00000000 
       20.000000       -3.4520679        1.0000000        1.7363839        1.0000000 
       20.000000      0.033372327        1.0000000      -0.62280052       0.00000000 
       20.000000       -6.8538075        1.0000000        1.9014840       0.00000000 
       20.000000       -1.5412500        1.0000000       0.57074445        1.0000000 
       20.000000        2.0098316        1.0000000      -0.64355133        1.0000000 
       21.000000      -0.72038363        1.0000000        1.1037568       0.00000000 
       21.000000      -0.23124517        1.0000000      -0.33127747        1.0000000 
       21.000000       -2.4805458        1.0000000        1.3210974       0.00000000 
       21.000000       0.57954222        1.0000000       0.62662693        1.0000000 
       21.000000       -1.0352523        1.0000000        1.1430134       0.00000000 
       21.000000       -1.5363121        1.0000000      -0.72875752       0.00000000 
       21.000000       0.73746121        1.0000000        1.8376012        1.0000000 
       22.000000       -1.4525172        1.0000000     -0.024881208        1.0000000 
       22.000000       -4.4351050        1.0000000        1.5510005       0.00000000 
       22.000000       -1.2804824        1.0000000       0.13075799       0.00000000 
       22.000000        1.4871317        1.0000000       -1.1041843       0.00000000 
       22.000000        2.4550180        1.0000000       -1.3667404       0.00000000 
       22.000000      -0.31856260        1.0000000      -0.63859336       0.00000000 
       22.000000        1.5365005        1.0000000       -1.6680330        1.0000000 
       22.000000        1.7209242        1.0000000       -1.6975909       0.00000000 
       22.000000        1.8080367        1.0000000       -1.5603759       0.00000000 
       22.000000       -1.9766849        1.0000000       0.22295787       0.00000000 
       22.000000      -0.17089389        1.0000000      -0.10873045       0.00000000 
       22.000000       -1.8482365        1.0000000       0.39153196        1.0000000 
       22.000000      -0.51328170        1.0000000      -0.32293078       0.00000000 
       22.000000        1.7982134        1.0000000       -1.4142563        1.0000000 
       22.000000      -0.40003136        1.0000000     -0.041831579       0.00000000 
       22.000000        1.3802409        1.0000000      -0.76486189        1.0000000 
       22.000000       -4.6499028        1.0000000        1.2004276        1.0000000 
       22.000000        1.1760309        1.0000000       -1.2347747       0.00000000 
       22.000000      -0.42940515        1.0000000      -0.48206399       0.00000000 
       23.000000        1.6246758        1.0000000       -1.3612788       0.00000000 
       23.000000        3.3030393        1.0000000       -1.6476867       0.00000000 
       23.000000       -6.8322236        1.0000000        1.1866869       0.00000000 
       23.000000       0.65045585        1.0000000       -1.0040108       0.00000000 
       23.000000       -2.0138041        1.0000000     -0.081894316        1.0000000 
       23.000000       -9.6047860        1.0000000        1.8082995       0.00000000 
       23.000000       -5.7043522        1.0000000       0.67498429       0.00000000 
       23.000000       -7.2130369        1.0000000        1.1622734       0.00000000 
       23.000000        3.7156721        1.0000000       -1.8618138        1.0000000 
       23.000000       -6.3961770        1.0000000        1.3746517        1.0000000 
       23.000000        2.2689028        1.0000000      -0.99171350        1.0000000 
       23.000000       -6.3029536        1.0000000        1.0374672       0.00000000 
       23.000000       -1.1184368        1.0000000      -0.93778014       0.00000000 
       23.000000        4.0089861        1.0000000       -1.5463084        1.0000000 
       23.000000      -0.62280142        1.0000000     -0.093476726        1.0000000 
       23.000000        1.1058992        1.0000000       -1.4026442       0.00000000 
       23.000000       -4.2646522        1.0000000       0.64250474       0.00000000 
       24.000000       -1.5114325        1.0000000       0.48446001       0.00000000 
       24.000000      -0.82344379        1.0000000       0.73498783       0.00000000 
       24.000000      -0.86164324        1.0000000       -1.4445113        1.0000000 
       24.000000       -1.5241287        1.0000000      -0.29859180       0.00000000 
       24.000000       -2.2091116        1.0000000      -0.56702915       0.00000000 
       24.000000      0.099698817        1.0000000       -1.2519695        1.0000000 
       24.000000      -0.68180111        1.0000000       -1.6566653        1.0000000 
       24.000000       -2.4166488        1.0000000       0.19311538       0.00000000 
       25.000000       -3.1473093        1.0000000        1.1079307        1.0000000 
       25.000000      -0.51667924        1.0000000      -0.70837033       0.00000000 
       25.000000       -3.0457829        1.0000000       0.82569192        1.0000000 
       25.000000       -4.3389646        1.0000000        1.7870334        1.0000000 
       25.000000        3.5363075        1.0000000       -1.2785628        1.0000000 
       25.000000       -5.3392326        1.0000000        1.2228094       0.00000000 
       25.000000       -6.4669420        1.0000000        1.7258336       0.00000000 
       25.000000        3.6168122        1.0000000       -1.8417385        1.0000000 
       25.000000       -4.7575637        1.0000000        1.1293018       0.00000000 
       25.000000       -3.0617135        1.0000000      0.028220960       0.00000000 
       25.000000        1.1526999        1.0000000      -0.56238554        1.0000000 
       25.000000       -2.9611397        1.0000000       0.15254507       0.00000000 
       25.000000       -3.2693199        1.0000000      0.022721862       0.00000000 
       25.000000        2.8826389        1.0000000       -1.9476827        1.0000000 
       25.000000        1.1594213        1.0000000       -1.6455511       0.00000000 
       25.000000       -3.0122609        1.0000000      0.036128110       0.00000000 
       25.000000       -6.0863854        1.0000000        1.0869896       0.00000000 
       25.000000        1.7090734        1.0000000       -1.6325283       0.00000000 
       25.000000       -4.8975144        1.0000000       0.79365593       0.00000000 
       26.000000       0.39722123        1.0000000       0.90017879        1.0000000 
       26.000000       -2.2290950        1.0000000      -0.96135028       0.00000000 
       26.000000       -1.4734591        1.0000000        1.3665872       0.00000000 
       26.000000       -1.5642179        1.0000000      -0.53816746       0.00000000 
       26.000000       -1.0120771        1.0000000      -0.24225129       0.00000000 
       26.000000       -1.7987632        1.0000000      -0.38732980       0.00000000 
       26.000000       -1.3757537        1.0000000       0.80418566       0.00000000 
       26.000000       -1.8544574        1.0000000      0.080908799       0.00000000 
       26.000000      -0.22259522        1.0000000      -0.33771738        1.0000000 
       26.000000      -0.65432908        1.0000000        1.9217037       0.00000000 
       26.000000       -2.1307243        1.0000000       0.86833464       0.00000000 
       27.000000       0.94326471        1.0000000       0.33942764       0.00000000 
       27.000000       -2.8467976        1.0000000       -1.2606057        1.0000000 
       27.000000       -1.8848611        1.0000000      -0.68153286       0.00000000 
       27.000000       0.70922792        1.0000000       0.46235977       0.00000000 
       27.000000       -3.1625733        1.0000000       -1.6638847        1.0000000 
       27.000000       0.15021027        1.0000000      -0.69304908        1.0000000 
       27.000000       0.28289508        1.0000000      -0.56742888        1.0000000 
       27.000000        4.7461417        1.0000000        1.3840717        1.0000000 
       27.000000       -2.7406096        1.0000000       -1.1460330       0.00000000 
       27.000000        1.3234827        1.0000000       0.38166465       0.00000000 
       27.000000       0.10184176        1.0000000      -0.70333009        1.0000000 
       27.000000       -3.1440941        1.0000000       -1.5757841        1.0000000 
       27.000000        2.3864487        1.0000000       0.96756098       0.00000000 
       27.000000       -2.2317744        1.0000000       -1.6162632        1.0000000 
       28.000000        2.3453966        1.0000000       -1.1969795        1.0000000 
       28.000000       0.96442781        1.0000000       -1.3926584       0.00000000 
       28.000000        1.4652931        1.0000000       -1.7113603       0.00000000 
       28.000000       0.28416153        1.0000000       -1.1117258       0.00000000 
       28.000000       -3.2488652        1.0000000        1.5745130       0.00000000 
       28.000000       -2.9556891        1.0000000        1.2598814       0.00000000 
       28.000000       -1.7311354        1.0000000        1.0882521        1.0000000 
       28.000000     -0.019779540        1.0000000      -0.29536463       0.00000000 
       28.000000        1.1496413        1.0000000      -0.86095812       0.00000000 
       28.000000     -0.042027899        1.0000000       -1.3701786       0.00000000 
       28.000000      -0.68512421        1.0000000       0.34526126        1.0000000 
       28.000000       -3.1674839        1.0000000       0.93831589       0.00000000 
       28.000000      -0.63892275        1.0000000      -0.79306108       0.00000000 
       28.000000        1.5091848        1.0000000       -1.0490119        1.0000000 
       28.000000        2.4772907        1.0000000       -1.6569341        1.0000000 
       28.000000      -0.89315750        1.0000000       0.69097841        1.0000000 
       28.000000      -0.79290799        1.0000000      -0.22293548       0.00000000 
       28.000000      -0.65342591        1.0000000      -0.73723458       0.00000000 
       28.000000      -0.14255394        1.0000000      -0.45175366       0.00000000 
       29.000000        4.6389133        1.0000000       0.87530405       0.00000000 
       29.000000       -7.5869837        1.0000000       -1.5853148       0.00000000 
       29.000000        7.3465003        1.0000000       0.85930389        1.0000000 
       29.000000        8.9157348        1.0000000        1.7529850       0.00000000 
       29.000000        3.8758123        1.0000000       0.33031661        1.0000000 
       29.000000        5.7901269        1.0000000        1.2021382       0.00000000 
       29.000000       -6.7264951        1.0000000       -1.9615027        1.0000000 
       29.000000       -6.8275232        1.0000000       -1.3345329       0.00000000 
       29.000000        8.2309188        1.0000000        1.6002663       0.00000000 
       29.000000        4.1822585        1.0000000       0.28967655        1.0000000 
       30.000000       -5.7223894        1.0000000       0.57882659        1.0000000 
       30.000000       -4.0126545        1.0000000       0.27162556       0.00000000 
       30.000000       -4.4707172        1.0000000       0.47295890        1.0000000 
       30.000000       -6.8320337        1.0000000       0.85580149       0.00000000 
       30.000000       -1.5735823        1.0000000     -0.085010960        1.0000000 
       30.000000        5.8012978        1.0000000       -1.9235340       0.00000000 
       30.000000        3.0633384        1.0000000       -1.4038535       0.00000000 
       30.000000      -0.44473463        1.0000000      -0.34510721       0.00000000 
       30.000000       -9.8599494        1.0000000        1.3580141       0.00000000 
       30.000000       -8.2071090        1.0000000        1.3582584        1.0000000 
       30.000000       -3.1815110        1.0000000      0.075928195       0.00000000 
       30.000000       -8.5902605        1.0000000        1.3236862        1.0000000 
       30.000000       -11.913273        1.0000000        1.7895098       0.00000000 
       30.000000       -4.6446445        1.0000000       0.68874669        1.0000000 
       30.000000       -8.9008841        1.0000000        1.0358936       0.00000000 
       30.000000       -2.8179905        1.0000000      -0.29922084       0.00000000 
       30.000000       -4.5572981        1.0000000       0.37637764       0.00000000 
       30.000000        3.0637903        1.0000000       -1.0655712       0.00000000 
       30.000000        3.0929246        1.0000000      -0.95137800        1.0000000 
       31.000000       -1.5592266        1.0000000      -0.65103538       0.00000000 
       31.000000       -1.9037488        1.0000000       0.28521340       0.00000000 
       31.000000       0.14797527        1.0000000        1.7830223        1.0000000 
       31.000000       -1.1758373        1.0000000       -1.8224990       0.00000000 
       31.000000       -1.9909698        1.0000000        1.7366110       0.00000000 
       31.000000       -2.6594006        1.0000000        1.3524310       0.00000000 
       32.000000        2.3410478        1.0000000      -0.98448196        1.0000000 
       32.000000        1.0037071        1.0000000       -1.8879873        1.0000000 
       32.000000       -5.0344556        1.0000000       -1.1035631       0.00000000 
       32.000000       -2.3187636        1.0000000       0.58127950       0.00000000 
       32.000000        3.5560395        1.0000000      -0.78914458        1.0000000 
       32.000000        1.3549041        1.0000000       -1.9459239        1.0000000 
       32.000000      -0.62996335        1.0000000        1.9688893       0.00000000 
       32.000000        1.8418670        1.0000000       -1.5630074        1.0000000 
       32.000000       -3.4080671        1.0000000      0.063570807       0.00000000 
       32.000000       -2.5174902        1.0000000       0.14138845       0.00000000 
       32.000000        6.4419804        1.0000000        1.5490544        1.0000000 
       33.000000       -6.3731433        1.0000000       0.56020880       0.00000000 
       33.000000        3.9854743        1.0000000       -1.4993936       0.00000000 
       33.000000        4.9662222        1.0000000       -1.1087726        1.0000000 
       33.000000       -7.1940533        1.0000000        1.1716828        1.0000000 
       33.000000       -4.0383872        1.0000000       0.24326683       0.00000000 
       33.000000       -6.3016812        1.0000000       0.66329499       0.00000000 
       33.000000       -3.9880065        1.0000000      0.036861929       0.00000000 
       33.000000        4.1579344        1.0000000       -1.4531743       0.00000000 
       33.000000      -0.49782120        1.0000000     -0.036158013        1.0000000 
       33.000000        4.0389608        1.0000000      -0.97257917        1.0000000 
       33.000000        3.6939662        1.0000000       -1.4049039       0.00000000 
       33.000000        1.2735028        1.0000000      -0.69021899       0.00000000 
       33.000000        5.7882224        1.0000000       -1.8211709       0.00000000 
       33.000000       -4.5504232        1.0000000       0.53408217        1.0000000 
       34.000000     -0.024748331        1.0000000       0.53212362        1.0000000 
       34.000000        1.8484683        1.0000000       -1.9923133        1.0000000 
       34.000000       -2.5255055        1.0000000        1.5721973       0.00000000 
       34.000000       -1.6152103        1.0000000       -1.3133056       0.00000000 
       34.000000      -0.26378366        1.0000000       -1.1178352       0.00000000 
       34.000000       0.86356222        1.0000000       0.31044030        1.0000000 
       34.000000       0.98552072        1.0000000       0.58468348        1.0000000 
       34.000000       0.38953350        1.0000000        1.2180388        1.0000000 
       34.000000       -1.7910633        1.0000000       0.92387170       0.00000000 
       34.000000       -1.2677323        1.0000000       0.47749831       0.00000000 
       34.000000      -0.10366781        1.0000000       0.81820328        1.0000000 
       34.000000      -0.12948240        1.0000000       0.75694515        1.0000000 
       34.000000       -1.2959874        1.0000000      -0.92686882       0.00000000 
       34.000000       -2.1253881        1.0000000       0.61607370       0.00000000 
       34.000000      0.015006318        1.0000000      -0.97458731       0.00000000 
       34.000000       -1.1250901        1.0000000     0.0034686401       0.00000000 
       34.000000       -1.1490193        1.0000000       -1.4174847       0.00000000 
       34.000000        1.5977393        1.0000000       -1.7662756        1.0000000 
       34.000000       -1.2896041        1.0000000       -1.0318618       0.00000000 
       35.000000        1.8285076        1.0000000       -1.1781820        1.0000000 
       35.000000       -1.2888639        1.0000000      -0.40481194        1.0000000 
       35.000000       -2.7455311        1.0000000        1.3449332       0.00000000 
       35.000000       -1.5598014        1.0000000     -0.081198268        1.0000000 
       35.000000       -3.6362847        1.0000000       0.39783061        1.0000000 
       35.000000       -2.0626390        1.0000000     -0.056245273        1.0000000 
       35.000000      -0.62989892        1.0000000      -0.71873371        1.0000000 
       35.000000      -0.48976551        1.0000000       -1.2878605        1.0000000 
       35.000000       -3.7420083        1.0000000       0.91811339        1.0000000 
       35.000000       0.57884331        1.0000000      -0.36371516       0.00000000 
       35.000000      -0.22521306        1.0000000     -0.030388813       0.00000000 
       35.000000        4.4911053        1.0000000       -1.9939121       0.00000000 
       35.000000       -2.4476690        1.0000000       0.37989785        1.0000000 
       35.000000       0.14554560        1.0000000       -1.5922162        1.0000000 
       35.000000       -2.4252168        1.0000000        1.2379871       0.00000000 
       35.000000       -1.8188337        1.0000000        1.3632356       0.00000000 
       36.000000       -4.0486178        1.0000000       0.89505984        1.0000000 
       36.000000        1.1720117        1.0000000       -1.5820486       0.00000000 
       36.000000       -6.4544878        1.0000000        1.4199483       0.00000000 
       36.000000       -1.9294494        1.0000000       0.36565339        1.0000000 
       36.000000       -2.3390286        1.0000000       0.15336956        1.0000000 
       36.000000       -4.7544015        1.0000000       0.41407555       0.00000000 
       36.000000       -2.9752348        1.0000000      0.048622827       0.00000000 
       36.000000      0.038251676        1.0000000       -1.1445400       0.00000000 
       36.000000       -5.5556808        1.0000000        1.5026956        1.0000000 
       36.000000      -0.16985638        1.0000000      -0.59619339        1.0000000 
       36.000000        2.1070535        1.0000000       -1.8550626        1.0000000 
       36.000000       0.81436306        1.0000000       -1.2125291       0.00000000 
       36.000000       0.48831983        1.0000000     -0.041198648        1.0000000 
       37.000000       -2.4590465        1.0000000        1.4335152       0.00000000 
       37.000000       -1.6992363        1.0000000       -1.0861857       0.00000000 
       37.000000       -3.0547483        1.0000000        1.7101490       0.00000000 
       37.000000       -1.2293885        1.0000000       -1.3574983       0.00000000 
       37.000000       -2.2812176        1.0000000      -0.89536886       0.00000000 
       37.000000       -2.8864216        1.0000000        1.0970593       0.00000000 
       37.000000        1.2998100        1.0000000      -0.49387316        1.0000000 
       37.000000       -1.7876672        1.0000000       0.72206953       0.00000000 
       37.000000       0.80734509        1.0000000      -0.26385924        1.0000000 
       37.000000       -3.0486573        1.0000000       0.64844878       0.00000000 
       37.000000      -0.76195506        1.0000000       0.14544875        1.0000000 
       37.000000       -2.6068930        1.0000000      0.027774579       0.00000000 
       37.000000       -1.4206768        1.0000000       0.42520159       0.00000000 
       38.000000       -3.3600713        1.0000000        1.7883733       0.00000000 
       38.000000       -1.9892051        1.0000000        1.0003938       0.00000000 
       38.000000       -3.9920046        1.0000000        1.4364952       0.00000000 
       38.000000      -0.70928973        1.0000000      -0.80267088        1.0000000 
       38.000000       -1.3640131        1.0000000      -0.79952727        1.0000000 
       38.000000       -1.1451024        1.0000000      -0.17982149       0.00000000 
       38.000000       -1.0154799        1.0000000      -0.42808742       0.00000000 
       38.000000      -0.16368678        1.0000000       -1.2697713       0.00000000 
       38.000000       0.27778893        1.0000000       -1.1060340        1.0000000 
       38.000000       -1.0886172        1.0000000      -0.30180108       0.00000000 
       38.000000       -2.5243681        1.0000000        1.4940266        1.0000000 
       38.000000       -2.9273048        1.0000000        1.6410342        1.0000000 
       38.000000     -0.089943053        1.0000000      -0.58560991       0.00000000 
       38.000000      -0.36559821        1.0000000       -1.3990523       0.00000000 
       38.000000      -0.61434897        1.0000000      -0.61410573        1.0000000 
       38.000000      -0.10912058        1.0000000       -1.3980351       0.00000000 
       38.000000       -1.7222352        1.0000000       0.55284168        1.0000000 
       39.000000       -3.3724908        1.0000000       -1.7824652       0.00000000 
       39.000000       -1.3395129        1.0000000      -0.90700326        1.0000000 
       39.000000       -1.8465259        1.0000000      -0.65434140       0.00000000 
       39.000000        3.4281835        1.0000000        1.3228864       0.00000000 
       39.000000       -4.4195040        1.0000000       -1.6499541       0.00000000 
       39.000000      -0.16534357        1.0000000      -0.82210159        1.0000000 
       40.000000       -2.5906496        1.0000000        1.8600744        1.0000000 
       40.000000      -0.98614838        1.0000000        1.3422405        1.0000000 
       40.000000       -3.4539001        1.0000000        1.8129736       0.00000000 
       40.000000       -2.0580829        1.0000000       0.84111580       0.00000000 
       40.000000      0.060742540        1.0000000      -0.77917836       0.00000000 
       40.000000       -1.0834886        1.0000000      -0.91310082       0.00000000 
       41.000000       -3.6557295        1.0000000        1.1109948       0.00000000 
       41.000000      -0.25419623        1.0000000      -0.49207576       0.00000000 
       41.000000       -1.5554622        1.0000000       0.54309564       0.00000000 
       41.000000       -1.7468035        1.0000000        1.2111874        1.0000000 
       41.000000       -2.4018370        1.0000000       0.61392502       0.00000000 
       41.000000        1.7490739        1.0000000       -1.5052615        1.0000000 
       41.000000       0.21145663        1.0000000      -0.41897005        1.0000000 
       41.000000        1.5633294        1.0000000       -1.1864385        1.0000000 
       41.000000      -0.95606814        1.0000000       0.40479346        1.0000000 
       41.000000       -3.4374702        1.0000000        1.7765985       0.00000000 
       41.000000       -2.0520381        1.0000000        1.5192248        1.0000000 
       41.000000       -1.0418290        1.0000000       0.53811496       0.00000000 
       41.000000       0.85578811        1.0000000       -1.2560764        1.0000000 
       42.000000       -3.6266602        1.0000000       0.64961050       0.00000000 
       42.000000       -2.9637936        1.0000000        1.8584366       0.00000000 
       42.000000      -0.68215812        1.0000000      -0.81934786       0.00000000 
       42.000000       -1.2442827        1.0000000     -0.045128936       0.00000000 
       42.000000      -0.18872767        1.0000000       -1.2978370       0.00000000 
       42.000000      -0.67821977        1.0000000       -1.1499642       0.00000000 
       42.000000       -1.4244233        1.0000000       0.82401846        1.0000000 
       42.000000       -2.0819808        1.0000000       0.26326468       0.00000000 
       42.000000       0.39596241        1.0000000      -0.41378291        1.0000000 
       42.000000      -0.84960204        1.0000000       0.94836577        1.0000000 
       42.000000      -0.35250690        1.0000000      -0.51575135        1.0000000 
       42.000000       -1.6186651        1.0000000     -0.074254053       0.00000000 
       42.000000       -1.8176143        1.0000000      -0.78282107       0.00000000 
       43.000000       -1.5072251        1.0000000     -0.079104520       0.00000000 
       43.000000        1.9204650        1.0000000        1.4924855        1.0000000 
       43.000000        1.1150497        1.0000000       0.44547094        1.0000000 
       43.000000       -3.1317680        1.0000000       -1.5418896       0.00000000 
       43.000000       -1.1017353        1.0000000      -0.80417149       0.00000000 
       43.000000       0.43701472        1.0000000        1.3925255       0.00000000 
       44.000000     -0.055066302        1.0000000      -0.68060051        1.0000000 
       44.000000        1.2327885        1.0000000       0.38194959        1.0000000 
       44.000000      -0.59635043        1.0000000        1.5817800       0.00000000 
       44.000000       -1.1945568        1.0000000        1.3292076       0.00000000 
       44.000000       0.91295857        1.0000000       0.21241731        1.0000000 
       44.000000       -3.3792666        1.0000000       -1.1357280       0.00000000 
       44.000000      -0.42579673        1.0000000        1.2226583       0.00000000 
       44.000000       -3.2496031        1.0000000       -1.7538359       0.00000000 
       44.000000       -1.4168323        1.0000000        1.2106772       0.00000000 
       44.000000       0.94799302        1.0000000      -0.59095330        1.0000000 
       44.000000        1.7044708        1.0000000       0.40451292        1.0000000 
       44.000000       -2.6069055        1.0000000       -1.1853210       0.00000000 
       44.000000        2.8832449        1.0000000       0.55257962        1.0000000 
       44.000000        1.0266161        1.0000000      -0.45922724        1.0000000 
       45.000000     -0.096141899        1.0000000      -0.73626075        1.0000000 
       45.000000       -3.3362960        1.0000000       0.52347784       0.00000000 
       45.000000       -1.5497118        1.0000000       -1.1068075       0.00000000 
       45.000000       -2.2312331        1.0000000       0.18392719       0.00000000 
       45.000000       -1.1699100        1.0000000       0.34792195        1.0000000 
       45.000000       -4.0140932        1.0000000        1.7293317       0.00000000 
       45.000000       -3.4777667        1.0000000       0.82808776       0.00000000 
       45.000000      -0.51806612        1.0000000        1.7263119        1.0000000 
       45.000000       0.59631172        1.0000000       -1.7299925        1.0000000 
       45.000000       -3.1153687        1.0000000        1.1665151       0.00000000 
       45.000000       -1.1844086        1.0000000       -1.4999056       0.00000000 
       45.000000       -1.5949688        1.0000000       -1.3954679       0.00000000 
       46.000000       -1.3319104        1.0000000        1.2014921       0.00000000 
       46.000000       -3.6860548        1.0000000       -1.4504922       0.00000000 
       46.000000       -1.4248322        1.0000000       0.46083803       0.00000000 
       46.000000     -0.097631952        1.0000000        1.3678617       0.00000000 
       46.000000        2.2855880        1.0000000       0.91296717        1.0000000 
       46.000000        3.1644193        1.0000000        1.6285466        1.0000000 
       46.000000        1.6164908        1.0000000        1.5236265        1.0000000 
       46.000000       -2.6489181        1.0000000      -0.64528152       0.00000000 
       46.000000       0.14935313        1.0000000        1.7148743       0.00000000 
       46.000000        1.7851077        1.0000000      0.012809434        1.0000000 
       46.000000       0.51284309        1.0000000       -1.4326420        1.0000000 
       46.000000        1.8362032        1.0000000       0.52886266        1.0000000 
       47.000000       -1.2853252        1.0000000        1.4720537       0.00000000 
       47.000000       -2.5926964        1.0000000      -0.93253309       0.00000000 
       47.000000       -2.7850771        1.0000000       0.30418513       0.00000000 
       47.000000        1.4081073        1.0000000       0.70193989        1.0000000 
       47.000000       -1.5349343        1.0000000        1.4461432       0.00000000 
       47.000000       -3.0185514        1.0000000       -1.4966579       0.00000000 
       47.000000       -2.0916385        1.0000000       0.41521676       0.00000000 
       48.000000        2.2474370        1.0000000        1.2287803       0.00000000 
       48.000000      -0.28231417        1.0000000       0.49232522       0.00000000 
       48.000000        1.8839653        1.0000000       0.58772109        1.0000000 
       48.000000        1.4206501        1.0000000        1.3851245       0.00000000 
       48.000000       0.96169745        1.0000000      -0.74867304        1.0000000 
       48.000000       -1.2778978        1.0000000     -0.040581856       0.00000000 
       48.000000       -1.1903195        1.0000000      -0.56945824       0.00000000 
       49.000000        1.3723603        1.0000000       -1.8989703        1.0000000 
       49.000000      -0.74193126        1.0000000        1.3508549       0.00000000 
       49.000000       -1.4625147        1.0000000       0.71175416        1.0000000 
       49.000000      0.088212451        1.0000000        1.5296980       0.00000000 
       49.000000       -2.1570662        1.0000000        1.4446452        1.0000000 
       49.000000      -0.84179446        1.0000000       0.95072048        1.0000000 
       49.000000       0.10586996        1.0000000       -1.0430348        1.0000000 
       49.000000       0.43767770        1.0000000      -0.61565256       0.00000000 
       49.000000       -1.0699113        1.0000000      -0.14133998        1.0000000 
       49.000000     -0.040669847        1.0000000        1.0186035       0.00000000 
       49.000000      -0.22412948        1.0000000      -0.13623558        1.0000000 
       49.000000       -2.3066981        1.0000000        1.4234760        1.0000000 
       49.000000      -0.66644809        1.0000000       0.27634086        1.0000000 
       50.000000      -0.55692189        1.0000000        1.1716377       0.00000000 
       50.000000       0.80806691        1.0000000        1.1123533        1.0000000 
       50.000000       0.81516909        1.0000000       0.83138045        1.0000000 
       50.000000       0.70370281        1.0000000       -1.5088139       0.00000000 
       50.000000        2.1356010        1.0000000       -1.4458696        1.0000000 
       50.000000      -0.37789147        1.0000000       -1.1848889       0.00000000 
       50.000000      0.011065688        1.0000000      -0.20127255       0.00000000 
       50.000000      -0.90495270        1.0000000        1.7560187       0.00000000 
       50.000000      -0.34863114        1.0000000        1.8966094       0.00000000 
       50.000000       0.21633036        1.0000000       -1.3369348       0.00000000 
       50.000000        2.1641354        1.0000000      -0.43087735        1.0000000 
       50.000000       0.23234456        1.0000000       -1.1849386       0.00000000 
       50.000000        1.4928560        1.0000000        1.0640353        1.0000000 
       50.000000      -0.32834123        1.0000000       -1.6837684       0.00000000 
       50.000000        1.9705244        1.0000000       -1.6253697        1.0000000 
       50.000000        1.2597181        1.0000000       0.40927076        1.0000000 
       50.000000      -0.93714030        1.0000000       -1.6475856       0.00000000 
       50.000000      -0.82133837        1.0000000        1.4991558       0.00000000 
       51.000000       -3.3832737        1.0000000        1.5465082       0.00000000 
       51.000000    -0.0065131919        1.0000000       -1.4514907       0.00000000 
       51.000000       0.70006682        1.0000000       -1.6538587       0.00000000 
       51.000000      0.095772934        1.0000000      -0.22357445        1.0000000 
       51.000000      -0.51375148        1.0000000      -0.32061350       0.00000000 
       52.000000       -3.3955486        1.0000000       -1.6165610       0.00000000 
       52.000000       -1.7065855        1.0000000       -1.3104525        1.0000000 
       52.000000        1.0547228        1.0000000      0.076724024        1.0000000 
       52.000000        3.2108035        1.0000000        1.9995851        1.0000000 
       52.000000       0.41079233        1.0000000       0.33824843       0.00000000 
       52.000000       0.89158253        1.0000000     -0.092732700        1.0000000 
       52.000000        1.8503010        1.0000000        1.0474903        1.0000000 
       52.000000      -0.27093834        1.0000000       -1.3080602        1.0000000 
       52.000000        1.6223846        1.0000000        1.9918876       0.00000000 
       52.000000       -1.9192415        1.0000000      -0.35117031       0.00000000 
       52.000000       0.77183608        1.0000000        1.1765689       0.00000000 
       52.000000        3.3205991        1.0000000        1.2991364        1.0000000 
       52.000000        3.7242065        1.0000000        1.9422502        1.0000000 
       52.000000        2.6404813        1.0000000       0.95003659        1.0000000 
       52.000000      -0.46662840        1.0000000       0.60077117       0.00000000 
       52.000000       -2.1230061        1.0000000      -0.42225137       0.00000000 
       52.000000        1.5743344        1.0000000       0.98914949       0.00000000 
       52.000000       0.59934096        1.0000000       0.99508163       0.00000000 
       53.000000      -0.12314917        1.0000000      -0.22463647       0.00000000 
       53.000000       -2.2762014        1.0000000     -0.069700195        1.0000000 
       53.000000      -0.68072673        1.0000000      -0.77201607        1.0000000 
       53.000000       -3.2481485        1.0000000       0.89560180        1.0000000 
       53.000000      -0.74489804        1.0000000       0.52683640       0.00000000 
       53.000000       -3.0029492        1.0000000        1.2997488       0.00000000 
       53.000000       -2.5842055        1.0000000        1.2888449       0.00000000 
       53.000000     -0.033189814        1.0000000      -0.55557092       0.00000000 
       53.000000       -1.1752252        1.0000000      -0.74598839        1.0000000 
       53.000000       -2.9818163        1.0000000       0.61562684        1.0000000 
       53.000000      -0.27859407        1.0000000      -0.79620965        1.0000000 
       53.000000        4.2806849        1.0000000       -1.9189338       0.00000000 
       53.000000       -2.1213971        1.0000000      -0.31042098        1.0000000 
       53.000000       -5.8801878        1.0000000        1.4629607        1.0000000 
       53.000000       0.14752984        1.0000000      -0.39107026       0.00000000 
       54.000000       -3.5270840        1.0000000        1.6415751       0.00000000 
       54.000000        1.9543494        1.0000000      -0.20830911        1.0000000 
       54.000000       -3.2424581        1.0000000        1.2163254       0.00000000 
       54.000000       -3.3192989        1.0000000        1.0325249       0.00000000 
       54.000000       -2.4088340        1.0000000       0.50390152       0.00000000 
       54.000000      -0.15701524        1.0000000        1.6215380        1.0000000 
       54.000000       0.58280723        1.0000000      -0.46326917        1.0000000 
       54.000000       -1.3771794        1.0000000        1.8269054        1.0000000 
       55.000000      -0.76386704        1.0000000        1.3838523       0.00000000 
       55.000000       -1.1645362        1.0000000        1.6276601       0.00000000 
       55.000000      -0.42642166        1.0000000        1.8790050       0.00000000 
       55.000000     -0.021330957        1.0000000      -0.30151692        1.0000000 
       55.000000       -2.3344094        1.0000000       -1.5028867       0.00000000 
       55.000000       -2.1037388        1.0000000       0.49797071       0.00000000 
       55.000000      -0.95671573        1.0000000        1.6442815       0.00000000 
       55.000000      -0.64683383        1.0000000       0.63134438       0.00000000 
       55.000000        1.0754010        1.0000000        1.4559047        1.0000000 
       55.000000       0.11274561        1.0000000       -1.2572865        1.0000000 
       55.000000       0.33136981        1.0000000      0.078292903        1.0000000 
       55.000000       -1.3980340        1.0000000        1.4379040       0.00000000 
       55.000000     -0.049904758        1.0000000      0.067787362        1.0000000 
       55.000000       -2.5087085        1.0000000       -1.2965579       0.00000000 
       55.000000        1.6487768        1.0000000      -0.16636057        1.0000000 
       55.000000       -1.1377273        1.0000000        1.6131961       0.00000000 
       55.000000       0.64289415        1.0000000       -1.8357978        1.0000000 
       55.000000      -0.29120812        1.0000000        1.5868377       0.00000000 
       56.000000       -2.0899926        1.0000000       0.10528566       0.00000000 
       56.000000       0.81284753        1.0000000      -0.43571033        1.0000000 
       56.000000       -1.5022409        1.0000000       -1.7858422       0.00000000 
       56.000000        1.0138205        1.0000000       -1.9875590        1.0000000 
       56.000000      -0.33173788        1.0000000      -0.78086422        1.0000000 
       56.000000       -2.1266767        1.0000000       0.93604008       0.00000000 
       56.000000       -1.5371705        1.0000000      -0.94596298       0.00000000 
       56.000000       -2.1565093        1.0000000        1.9189895        1.0000000 
       56.000000       -1.7599570        1.0000000       -1.0085825       0.00000000 
       56.000000        1.9859829        1.0000000       -1.8505249        1.0000000 
       57.000000       0.77250912        1.0000000       -1.3623636       0.00000000 
       57.000000       -2.8752554        1.0000000       0.59983557       0.00000000 
       57.000000       0.64187461        1.0000000       -1.7598241       0.00000000 
       57.000000       -4.4661785        1.0000000        1.7048478       0.00000000 
       57.000000      -0.11733016        1.0000000       -1.2488224       0.00000000 
       57.000000       -3.3901080        1.0000000       0.92204663       0.00000000 
       57.000000     -0.053871424        1.0000000       -1.3940574       0.00000000 
       57.000000       -4.1910084        1.0000000        1.5589649       0.00000000 
       57.000000       -1.6041289        1.0000000        1.0157164        1.0000000 
       57.000000        2.1654018        1.0000000       -1.7088215        1.0000000 
       57.000000       -1.4466752        1.0000000       0.87620534        1.0000000 
       57.000000        2.0386580        1.0000000       -1.3590179        1.0000000 
       57.000000       -2.8982311        1.0000000        1.6739561        1.0000000 
       57.000000       0.72970647        1.0000000       -1.3529561       0.00000000 
       58.000000       -3.2647046        1.0000000       0.32126625       0.00000000 
       58.000000       -4.1587726        1.0000000       0.64709268       0.00000000 
       58.000000      -0.76950756        1.0000000       -1.1056066       0.00000000 
       58.000000       -1.3430172        1.0000000      -0.80515159       0.00000000 
       58.000000       -4.6480921        1.0000000        1.9967843        1.0000000 
       58.000000        3.4140677        1.0000000       -1.6136088        1.0000000 
       58.000000       -1.9105537        1.0000000       0.72410592        1.0000000 
       58.000000       -6.5110499        1.0000000        1.3425283       0.00000000 
       58.000000       -5.6495136        1.0000000       0.83087396       0.00000000 
       59.000000      -0.76964345        1.0000000      -0.67946264       0.00000000 
       59.000000       -1.9940635        1.0000000       -1.6028327       0.00000000 
       59.000000       -1.8615962        1.0000000        1.7665844       0.00000000 
       59.000000       -1.6145090        1.0000000       0.82112476       0.00000000 
       59.000000       -2.5219087        1.0000000      -0.36541686       0.00000000 
       59.000000        1.0289619        1.0000000      -0.55806611        1.0000000 
       59.000000       0.24700416        1.0000000        1.9554137        1.0000000 
       59.000000       0.26580312        1.0000000     -0.052648216        1.0000000 
       60.000000     -0.039378209        1.0000000        1.8131327       0.00000000 
       60.000000        2.8945425        1.0000000        1.6634403        1.0000000 
       60.000000        1.0105230        1.0000000       -1.0823670        1.0000000 
       60.000000       0.80200540        1.0000000        1.9435544       0.00000000 
       60.000000       -1.1916818        1.0000000      -0.17039222       0.00000000 
       61.000000      0.050189149        1.0000000        1.1343964        1.0000000 
       61.000000       0.81449962        1.0000000      0.079931254        1.0000000 
       61.000000       0.63602813        1.0000000       0.51411606        1.0000000 
       61.000000       -2.2608340        1.0000000     -0.013224307       0.00000000 
       61.000000       -1.5504455        1.0000000       0.75391756       0.00000000 
       61.000000       0.79552084        1.0000000      -0.43695121        1.0000000 
       61.000000       -2.2718447        1.0000000       0.73644515       0.00000000 
       61.000000       0.70127547        1.0000000       0.30503802        1.0000000 
       61.000000       -1.3833314        1.0000000       0.35453696       0.00000000 
       61.000000       -1.0238371        1.0000000       0.58520290       0.00000000 
       61.000000       -3.0549076        1.0000000        1.8087484       0.00000000 
       61.000000       -1.6103412        1.0000000     -0.046425726       0.00000000 
       61.000000        1.2889589        1.0000000       0.16226112        1.0000000 
       61.000000       0.55349757        1.0000000       0.62891178        1.0000000 
       61.000000       -2.3709316        1.0000000       0.33139923       0.00000000 
       61.000000       -1.4850572        1.0000000      -0.75348572       0.00000000 
       61.000000       -3.1318003        1.0000000        1.1313833       0.00000000 
       62.000000       0.76589074        1.0000000      -0.58577130       0.00000000 
       62.000000       -1.2053689        1.0000000        1.9666575       0.00000000 
       62.000000       0.66353410        1.0000000      -0.47315119        1.0000000 
       62.000000      0.034645180        1.0000000       0.95474294        1.0000000 
       62.000000        1.5079365        1.0000000       -1.5632870        1.0000000 
       62.000000        1.0298408        1.0000000       -1.3434883       0.00000000 
       62.000000      -0.55599104        1.0000000      -0.92175086       0.00000000 
       63.000000       -1.2746995        1.0000000       -1.1176631        1.0000000 
       63.000000       -5.1990040        1.0000000       -1.2588621       0.00000000 
       63.000000        5.8389779        1.0000000        1.5606252        1.0000000 
       63.000000        3.5067612        1.0000000       0.66912656        1.0000000 
       63.000000       -4.6056941        1.0000000       -1.1684770       0.00000000 
       63.000000        6.3179317        1.0000000        1.6934243        1.0000000 
       63.000000       -2.1487659        1.0000000     -0.024993954       0.00000000 
       63.000000        3.9220507        1.0000000        1.8826132       0.00000000 
       63.000000        2.8515493        1.0000000        1.7395154       0.00000000 
       63.000000       -1.4914669        1.0000000      -0.23798208       0.00000000 
       63.000000        2.5653717        1.0000000        1.8282314       0.00000000 
       64.000000       0.35923490        1.0000000      -0.31821290        1.0000000 
       64.000000       -2.3616792        1.0000000      -0.38981871       0.00000000 
       64.000000       -3.9023527        1.0000000        1.9617522       0.00000000 
       64.000000       0.95989698        1.0000000       -1.3997822        1.0000000 
       64.000000       -3.1142474        1.0000000       0.56095577       0.00000000 
       64.000000       -3.5797977        1.0000000        1.8540542       0.00000000 
       64.000000       -2.8263369        1.0000000       0.52469924       0.00000000 
       64.000000       -2.0009820        1.0000000     -0.054831292       0.00000000 
       64.000000       -3.5854259        1.0000000       0.88870645       0.00000000 
       64.000000        1.3805564        1.0000000      -0.95920935        1.0000000 
       65.000000        1.5741623        1.0000000        1.4142543        1.0000000 
       65.000000       -1.5423831        1.0000000       -1.4056759       0.00000000 
       65.000000     -0.034214786        1.0000000       -1.7846134        1.0000000 
       65.000000       -1.3778350        1.0000000      -0.61296586       0.00000000 
       65.000000      -0.87791274        1.0000000     -0.059167829       0.00000000 
       65.000000       0.77537823        1.0000000       -1.3868639        1.0000000 
       65.000000       -1.2985420        1.0000000      -0.70805829       0.00000000 
       65.000000       0.88175304        1.0000000       0.22655518        1.0000000 
       65.000000      -0.57578400        1.0000000      -0.30126476       0.00000000 
       65.000000       -1.0286894        1.0000000       -1.7743068        1.0000000 
       65.000000       -1.7982762        1.0000000       -1.1474672       0.00000000 
       66.000000       -3.0198369        1.0000000       0.11705549       0.00000000 
       66.000000        4.7103640        1.0000000       -1.2729666        1.0000000 
       66.000000       -2.7531633        1.0000000       0.24692266       0.00000000 
       66.000000       -8.2364229        1.0000000        1.8874890       0.00000000 
       66.000000       -4.5680937        1.0000000        1.5322496        1.0000000 
       66.000000       -2.3065515        1.0000000       0.73245770        1.0000000 
       66.000000        1.3280957        1.0000000      -0.90387709        1.0000000 
       66.000000       0.95972431        1.0000000       -1.0623124       0.00000000 
       66.000000        2.2276353        1.0000000      -0.63739030        1.0000000 
       66.000000       -2.9663017        1.0000000       0.85876383        1.0000000 
       66.000000       0.98590199        1.0000000       -1.1841710       0.00000000 
       66.000000        1.9283677        1.0000000       -1.2298698       0.00000000 
       66.000000       0.67936613        1.0000000     -0.068552443        1.0000000 
       66.000000       -7.9512408        1.0000000        1.6893764       0.00000000 
       66.000000        4.2812656        1.0000000       -1.8146154        1.0000000 
       66.000000       -4.0516273        1.0000000       0.29899858       0.00000000 
       66.000000       -2.1195896        1.0000000      -0.45158163       0.00000000 
       66.000000       -2.4111857        1.0000000      0.028621433       0.00000000 
       67.000000        4.1392117        1.0000000       0.76422149        1.0000000 
       67.000000       -1.6306442        1.0000000       -1.2856861        1.0000000 
       67.000000        3.1399640        1.0000000       0.21752321        1.0000000 
       67.000000        5.4078901        1.0000000        1.7634319       0.00000000 
       67.000000        5.4940957        1.0000000        1.4046673        1.0000000 
       67.000000        4.9522666        1.0000000       0.81309513        1.0000000 
       67.000000       -4.3716981        1.0000000       -1.8782202       0.00000000 
       67.000000        1.7348303        1.0000000       0.50682598       0.00000000 
       67.000000        4.5294438        1.0000000        1.4613973       0.00000000 
       67.000000        4.2487798        1.0000000        1.2765427       0.00000000 
       67.000000       -4.8240025        1.0000000       -1.8290355       0.00000000 
       67.000000        3.4739813        1.0000000        1.5928722       0.00000000 
       67.000000        1.2322367        1.0000000       0.57486952       0.00000000 
       67.000000        3.7191123        1.0000000        1.6352018       0.00000000 
       67.000000       -2.4802972        1.0000000      -0.82816681       0.00000000 
       68.000000      -0.46457690        1.0000000       -1.9361007        1.0000000 
       68.000000      -0.24748389        1.0000000       0.99646564        1.0000000 
       68.000000    -0.0020618147        1.0000000       -1.0845196        1.0000000 
       68.000000       0.64019791        1.0000000       -1.0499440        1.0000000 
       68.000000      -0.16355448        1.0000000       -1.1688188        1.0000000 
       68.000000       0.18696270        1.0000000       0.86567467       0.00000000 
       68.000000       -1.2152800        1.0000000       -1.9320896       0.00000000 
       68.000000       -1.4293013        1.0000000        1.4241362       0.00000000 
       68.000000       0.96445688        1.0000000      -0.80945076        1.0000000 
       68.000000      -0.68185000        1.0000000        1.9109769       0.00000000 
       69.000000        1.1715328        1.0000000       -1.8650799       0.00000000 
       69.000000       -1.1268405        1.0000000       0.87601566        1.0000000 
       69.000000      -0.73022487        1.0000000       -1.0917794       0.00000000 
       69.000000        2.9477801        1.0000000       -1.2322622        1.0000000 
       69.000000       -5.9766066        1.0000000        1.7729011       0.00000000 
       69.000000        1.5373843        1.0000000      -0.92183271        1.0000000 
       69.000000      -0.92559458        1.0000000      -0.64973087       0.00000000 
       69.000000       -2.8371702        1.0000000      -0.33914830       0.00000000 
       69.000000       -1.5204624        1.0000000       0.11284857       0.00000000 
       69.000000       -2.6290358        1.0000000       0.20810008       0.00000000 
       69.000000       -3.5026895        1.0000000       0.73540032       0.00000000 
       69.000000       -4.9928020        1.0000000        1.1697221       0.00000000 
       69.000000       -3.6977538        1.0000000       0.65962736       0.00000000 
       69.000000       -1.5081518        1.0000000      -0.83158948       0.00000000 
       69.000000       -1.1103764        1.0000000      -0.54101059       0.00000000 
       69.000000        1.3144066        1.0000000      -0.71469839        1.0000000 
       69.000000       -1.4978305        1.0000000      -0.39041534       0.00000000 
       69.000000       -3.0536752        1.0000000       0.84315563       0.00000000 
       69.000000      -0.41507600        1.0000000       -1.4261635       0.00000000 
       70.000000        2.0080023        1.0000000       0.87959454       0.00000000 
       70.000000       0.58556161        1.0000000      0.049437798        1.0000000 
       70.000000      -0.40950484        1.0000000      -0.60563079        1.0000000 
       70.000000        3.4392805        1.0000000        1.3521910       0.00000000 
       70.000000        2.3464385        1.0000000       0.59764590       0.00000000 
       70.000000        3.2297501        1.0000000        1.4940737        1.0000000 
       70.000000       0.61028625        1.0000000     -0.031519847       0.00000000 
       70.000000       -1.2167777        1.0000000      -0.62904031       0.00000000