       1.0000000        1.6875143 
       1.0000000        1.1944019 
       1.0000000        1.3258441 
       1.0000000       0.64973409 
       1.0000000        1.6211055 
       1.0000000        1.7018765 
       1.0000000        1.1727016 
       1.0000000        1.1679556 
       1.0000000       0.40000106 
       1.0000000        1.4645691 
       1.0000000        1.0128752 
       1.0000000       0.91152233 
       1.0000000        1.4132452 
       1.0000000        1.2838171 
       1.0000000        1.4585470 
       1.0000000        1.0424945 
       1.0000000       0.50667889 
       1.0000000        1.6925799 
       1.0000000       0.47862198 
       1.0000000        1.4128729 
       1.0000000       0.98279878 
       1.0000000       0.27976208 
       1.0000000        1.7750385 
       1.0000000        1.7871835 
       1.0000000        1.6692120 
       1.0000000        1.1961835 
       1.0000000        1.1961987 
       1.0000000       0.65435122 
       1.0000000       0.53926538 
       1.0000000        1.7830627 
       1.0000000       0.88131506 
       1.0000000        1.7649905 
       1.0000000        1.1630399 
       1.0000000       0.46658804 
       1.0000000       0.16281105 
       1.0000000        1.3888971 
       1.0000000        1.3376686 
       1.0000000       0.87020865 
       1.0000000        1.3955252 
       1.0000000       0.55011472 
       1.0000000       0.13507689 
       1.0000000        1.3263712 
       1.0000000       0.13318095 
       1.0000000        1.5952432 
       1.0000000        1.4980026 
       1.0000000        1.7064875 
       1.0000000        1.0597053 
       1.0000000        1.2113025 
       1.0000000       0.40120574 
       1.0000000       0.93534583 
       1.0000000        1.4382623 
       1.0000000        1.2115529 
       1.0000000       0.26982725 
       1.0000000        1.4123612 
       1.0000000        1.4840023 
       1.0000000        1.4472439 
       1.0000000       0.89397143 
       1.0000000        1.7740879 
       1.0000000        1.4606896 
       1.0000000        1.3297692 
       1.0000000        1.7890573 
       1.0000000       0.34124211 
       1.0000000        1.4176028 
       1.0000000        1.4465884 
       1.0000000        1.6415178 
       1.0000000        1.5152626 
       1.0000000       0.33199939 
       1.0000000       0.80329821 
       1.0000000        1.3834185 
       1.0000000       0.77192099 